2027
1630
4699
3860
5686
1178
4983
1075
5436
2522
4455
4808
3644
2344
1671

45637

5634
2755
3537
5047
1878
4820
5959
5412
6458
1544
3606
4374
2743
3946

3013
1604
1574
3617
5992
7090
3693
7543
3619
5161
1137

2090
4120
5062
5286
5991
5770
1832
5860
4065
3299
4858
2220
3652
1601
2971

1099
4518
4639
5490
3661
1338
1250
1637
4865
4142
6223
3889
3586

8689
2655
3240
4869
2797
2615
9250
8800
3489

7077
11230
3357
8067
7843
2101

6938
4547
4785
1821
1191
3115
1608
1644
6265
2912
3866
3085
6350

6933
7966
5328
2300
1691
3347
3554
3506
5778
4815
6384

1869
8526
6994
4518
9372
8359
1354
1593
9572

7438
6028
7284
4254
5602
4651
4459
3257
1556
6858
5888

2934
5783
2790
8581
7143
5586
3408
9516
8532

8606
9150
7850
9817
8995
3645
7248

3670
5035
9209
9281
4264
11006
10744

1884
3682
4911
2095
2973
2384
2921
1847
1164
4809
5271
2540
3199
2248

3565
14021