[[[[8,6,7],9,7,10],[[2,2,4],0,[4,9,10],[4,8,1,1],9],5],[8,8,[5,7],1,3],[],[6,[1,[0,1],[6,10,9]]],[]]
[[[6,7,0,[0,3,9],8],[9,[],[10,0,5,6,8],[1,8,1],[]],[],[[0,6],5,[5,8,9],1]],[0,[10],[],8,[[5],6,10,10,2]],[[1,6,[6,0,4],[9,8],[5,5]]],[3,1,5,6]]

[[4,[[]]],[],[[1]],[]]
[[5,[[7,3,2,4]],3,[]],[[[4,5,3],6,10,[5,3,3],5],[[],10,1],3,[9,[8,9,2]]],[1],[3,[[5,3,9,5],[8,6,2,7]],[],2,2]]

[[[2,0,[8],7,[5]]],[],[[[],0,0,[]],[[1,2,10,5],[10],[6],1,1]],[0,[],[],9],[]]
[[[6,6,[5,5,2],[2],[7,2,10,8]]],[[9,10,[10,0,2,4]],[[4,10,9],[1],4]]]

[[[[],1],5,1],[[0],2,[[]]]]
[[0,[[7,4,0],5,2,4,[]]],[6,5],[[[2],7,6,[3,9,3,0,3]],1,[[0,1,5,10],1,[]]],[2,[[4,5,10,4,3],7,6,[2,5,4],[8,9,7,2,7]],7,[[2,9,10,3,10],8],5]]

[[9,[3,[9,8,10,5],4,[8],[8,7,0,5]],6],[],[5]]
[[[[10,4,8],[1,6,8,3]]],[4,4,7],[[[9,2,6],[2,8],[5,9,0],2,0],5],[]]

[[[0,[9,3,1],[8,10,5,0,0]],4,[[0,8,8,7,0],[6,10],[5]]],[[8,[4,8,3,1],3]],[2,[],7,[0,5]]]
[[],[[8,[10,1,4,6,4],[0]],10,[5],[],[[],10]],[3,[],8]]