233314113252402225351463633453424226362041164065666135612411011040522031304523540110205035014411044
332122310405013102405106464353665644607664150663467462700534002161131361415444052114131045140243410
440000154211143151036643465424430437150326344660672414322263612306613505030214413503140154240143331
323343255421523302132452525040120535030306056101323626031642774451731442413053643256135313042003043
442005315501104446243554125512523705520741532675611167103501123704102401231225310004344454441311331
332130414130356034341366056652625210567702243041400445367704317060210626605415512605335350520122311
324030243443122504054434240071266742352112321376000244606511532513331523563532353420154204241013554
405514351330112521566052015217062045756373753646835340126272647475527567717322610632203041311303430
335344112324634006053114070623702457531233080182014252513623435405053472452142020411651513420241150
242041131336116162436425631055271632161034811060125876160151764545471725530572712055225156042443422
510115143602101614215644471437202165862138121575207306363288027622104656656232657106303540123445433
323023452213641660103641556437400327347513153233743771336775454828804123702623477265225140631521412
202414114362551307121033522362685234048874113835556780630765201243481547353207660367310163062450444
251210540002101157605104272102100805434031582776285412180762321556517203802774651440303062465423305
415154424136606622417173367536300675207863456056626612502574128212038664377073051707565151352430241
422343416235314110055766487664127721622002932278537772434781110282275624223646255613020563013414324
402501442363526063250415576530161587636599439927185751837499351077528874028027725403237453225064102
504234134044257264655215060321538257751387982248126653446534117721070521632241341327330746014516212
046421106227215776577005025532583722724216237543578962475762466531136887322178170357170305360651141
055031536466374206237511402485882788415741555457619525942245935594343888851226034246745555525105303
313316632007533014153074787161584766685843475942726193487858652825242238106152063072370317116502432
345426660702445442335226831889943991158617188464619968385935798291964336101667488024624136722351004
553433023431367776013442510449498261312593877587925648886725526355324173132272087282444404673023212